-7.244768576600070812e-04 -2.393398575935743681e-03 -5.273477405719475750e-04 3.645226264916649923e-03
-2.393398575935743681e-03 5.149021225032736522e-03 -7.323088266948813698e-04 -2.023325688879341454e-03
-5.273477405719475750e-04 -7.323088266948813698e-04 1.178361538932127172e-03 8.129541909722576840e-05
3.645226264916649923e-03 -2.023325688879341454e-03 8.129541909722576840e-05 -1.703209778799016612e-03

1.539954324209914620e-03 3.666039675220811832e-04 2.264380760231951475e-04 -2.133002399280153373e-03
3.666039675220811832e-04 1.287876459802541609e-03 -5.093516777896196866e-04 -1.145127244568519857e-03
2.264380760231951475e-04 -5.093516777896196866e-04 1.006552729924281792e-03 -7.236380758355639292e-04
-2.133002399280153373e-03 -1.145127244568519857e-03 -7.236380758355639292e-04 4.001761077767860240e-03

1.093195949273152636e-03 -6.091464546491874099e-04 1.412477808059675957e-04 -6.253003558408409173e-04
-6.091464546491874099e-04 4.392983002715132959e-04 2.518060548038869614e-05 1.446592524089357107e-04
1.412477808059675957e-04 2.518060548038869614e-05 -3.954194270189857128e-05 -1.268830575084503923e-04
-6.253003558408409173e-04 1.446592524089357107e-04 -1.268830575084503923e-04 6.075246983718259920e-04

-1.072297509863523007e-04 -5.352815093990432108e-04 1.134682380880903453e-04 5.290361627750694460e-04
-5.352815093990432108e-04 3.289730115089066573e-04 1.389827795107243934e-04 6.733120556980030068e-05
1.134682380880903453e-04 1.389827795107243934e-04 -2.085887045146310979e-04 -4.386072866928864147e-05
5.290361627750694460e-04 6.733120556980030068e-05 -4.386072866928864147e-05 -5.525070939965637208e-04

-2.306592908788400594e-04 4.695995122677160539e-04 1.167585571743633783e-04 -3.556935961346249244e-04
4.695995122677160539e-04 -2.080254294368188701e-04 -9.696157850711793768e-05 -1.646123349010889187e-04
1.167585571743633783e-04 -9.696157850711793768e-05 -4.793757602701416524e-05 2.814337602494829493e-05
-3.556935961346249244e-04 -1.646123349010889187e-04 2.814337602494829493e-05 4.921555010376242384e-04

4.436280256754529224e-04 -1.800367357448983170e-05 -1.776381369493127663e-04 -2.479828857247580757e-04
-1.800367357448983170e-05 -1.601250541043115283e-05 2.428007498869738865e-05 9.744846309691120040e-06
-1.776381369493127663e-04 2.428007498869738865e-05 4.323042789068192300e-05 1.101282636006497038e-04
-2.479828857247580757e-04 9.744846309691120040e-06 1.101282636006497038e-04 1.281068505516125223e-04

